meanCeEast = -0.916576
sigma = 1.55438
meanSnEast = 1.77548
sigma = 2.08785
meanBiEast = -1.46273
sigma = 7.62597
meanCeWest = 0.315364
sigma = 2.05816
meanSnWest = -0.211017
sigma = 11.1252
meanBiWest = -0.219196
sigma = 4.52205
meanCe = -0.300606
sigma = 1.92496
meanSn = 0.782232
sigma = 8.06543
meanBi = -0.840961
sigma = 6.2999
