meanCeEast = -0.753544
sigma = 0.646176
meanSnEast = 1.42228
sigma = 3.23204
meanBiEast = -0.97097
sigma = 4.19234
meanCeWest = -0.261223
sigma = 2.35678
meanSnWest = 0.831646
sigma = 10.4361
meanBiWest = -0.99428
sigma = 3.53848
meanCe = -0.507383
sigma = 1.74544
meanSn = 1.12696
sigma = 7.73085
meanBi = -0.982625
sigma = 3.87923
