meanCeEast = -2.46702
sigma = 1.63817
meanSnEast = 5.01724
sigma = 6.62019
meanBiEast = -2.57335
sigma = 28.992
meanCeWest = -0.161147
sigma = 1.70217
meanSnWest = 0.464442
sigma = 6.28969
meanBiWest = -0.309307
sigma = 10.0298
