meanCeEast = -0.932689
sigma = 1.18712
meanSnEast = 1.81166
sigma = 1.17331
meanBiEast = -1.27699
sigma = 4.61437
meanCeWest = -1.69587
sigma = 2.14935
meanSnWest = 3.19418
sigma = 5.06352
meanBiWest = -2.17592
sigma = 13.2988
meanCe = -1.31428
sigma = 1.77767
meanSn = 2.50292
sigma = 3.73976
meanBi = -1.72645
sigma = 9.96378
