meanCeEast = 1.04884
sigma = 1.14305
meanSnEast = 1.10168
sigma = 3.58395
meanBiEast = -5.04922
sigma = 15.0643
meanCeWest = -1.16439
sigma = 1.66404
meanSnWest = 2.21212
sigma = 4.14328
meanBiWest = -1.44345
sigma = 8.86928
meanCe = -0.0577763
sigma = 1.80621
meanSn = 1.6569
sigma = 3.91331
meanBi = -3.24634
sigma = 12.492
