meanCeEast = 5.41397
sigma = 2.14065
meanSnEast = 6.13565
sigma = 24.9562
meanBiEast = -11.7857
sigma = 84.8833
meanCeWest = -0.105095
sigma = 1.88673
meanSnWest = 0.278541
sigma = 4.43666
meanBiWest = -0.184154
sigma = 7.82895
meanCe = 2.65444
sigma = 3.41849
meanSn = 3.20709
sigma = 18.1611
meanBi = -5.98493
sigma = 60.5548
