meanCeEast = -0.000457223
sigma = 1.37946
meanSnEast = 3.23782
sigma = 5.28879
meanBiEast = -6.12627
sigma = 13.8468
meanCeWest = -0.949275
sigma = 1.42161
meanSnWest = 2.60787
sigma = 4.22564
meanBiWest = -2.0808
sigma = 18.8931
meanCe = -0.474866
sigma = 1.47886
meanSn = 2.92285
sigma = 4.79718
meanBi = -4.10353
sigma = 16.6864
