meanCeEast = -1.6848
sigma = 2.12349
meanSnEast = 4.04496
sigma = 9.12866
meanBiEast = -2.3798
sigma = 29.6726
meanCeWest = -3.27611
sigma = 2.96063
meanSnWest = 7.52508
sigma = 10.8347
meanBiWest = -4.27729
sigma = 38.957
