meanCeEast = -0.0739726
sigma = 1.91527
meanSnEast = 3.11388
sigma = 4.93868
meanBiEast = -6.97686
sigma = 10.0189
meanCeWest = -1.06169
sigma = 1.04696
meanSnWest = 2.30463
sigma = 2.38643
meanBiWest = -2.40069
sigma = 18.6255
meanCe = -0.567833
sigma = 1.62052
meanSn = 2.70926
sigma = 3.89955
meanBi = -4.68878
sigma = 15.1287
