meanCeEast = -1.05455
sigma = 1.80629
meanSnEast = 3.21186
sigma = 10.1198
meanBiEast = -2.28083
sigma = 31.1793
meanCeWest = -2.65964
sigma = 1.17201
meanSnWest = 6.0213
sigma = 10.7386
meanBiWest = -3.59314
sigma = 36.5024
meanCe = -1.8571
sigma = 1.72111
meanSn = 4.61658
sigma = 10.528
meanBi = -2.93699
sigma = 33.9517
