meanCeEast = 6.90795
sigma = 6.91301
meanSnEast = -0.126674
sigma = 19.522
meanBiEast = -7.17995
sigma = 72.3623
meanCeWest = -0.814814
sigma = 3.20388
meanSnWest = 1.92225
sigma = 7.8559
meanBiWest = -1.11656
sigma = 19.6043
