meanCeEast = -0.288361
sigma = 0.841887
meanSnEast = 0.648426
sigma = 6.08335
meanBiEast = -0.384999
sigma = 11.0803
meanCeWest = -nan
sigma = -nan
meanSnWest = -nan
sigma = -nan
meanBiWest = -nan
sigma = -nan
meanCe = -0.288361
sigma = 0.841887
meanSn = 0.648426
sigma = 6.08335
meanBi = -0.384999
sigma = 11.0803
