meanCeEast = -0.238236
sigma = 1.7817
meanSnEast = 0.575766
sigma = 5.64506
meanBiEast = -0.340398
sigma = 10.3812
meanCeWest = -1.05977
sigma = 2.78351
meanSnWest = 2.23462
sigma = 6.76945
meanBiWest = -1.24828
sigma = 20.4374
