meanCeEast = -0.228823
sigma = 1.86891
meanSnEast = 0.550745
sigma = 5.44746
meanBiEast = -0.326865
sigma = 10.192
meanCeWest = -1.00505
sigma = 2.45836
meanSnWest = 2.12882
sigma = 6.97372
meanBiWest = -1.19117
sigma = 19.9359
