meanCeEast = -1.57163
sigma = 1.19674
meanSnEast = 4.09291
sigma = 4.79281
meanBiEast = -4.68359
sigma = 14.4962
meanCeWest = -1.18959
sigma = 1.77634
meanSnWest = 3.12753
sigma = 3.8944
meanBiWest = -3.62177
sigma = 14.469
meanCe = -1.38061
sigma = 1.52652
meanSn = 3.61022
sigma = 4.39337
meanBi = -4.15268
sigma = 14.4923
