meanCeEast = -3.4357
sigma = 1.25168
meanSnEast = 6.59559
sigma = 7.42564
meanBiEast = -3.41357
sigma = 33.3053
meanCeWest = -0.336416
sigma = 1.49078
meanSnWest = 0.686584
sigma = 3.92281
meanBiWest = -0.37658
sigma = 11.2875
meanCe = -1.88606
sigma = 2.07267
meanSn = 3.64109
sigma = 6.63275
meanBi = -1.89507
sigma = 24.9125
