meanCeEast = -1.70617
sigma = 2.12609
meanSnEast = 4.03614
sigma = 9.04721
meanBiEast = -2.36465
sigma = 29.4623
meanCeWest = -3.06281
sigma = 3.13511
meanSnWest = 7.05
sigma = 10.904
meanBiWest = -4.04917
sigma = 37.9041
