meanCeEast = -2.57133
sigma = 1.54275
meanSnEast = 5.24816
sigma = 6.87055
meanBiEast = -2.67992
sigma = 29.5252
meanCeWest = -0.199874
sigma = 1.69482
meanSnWest = 0.509273
sigma = 5.41383
meanBiWest = -0.312542
sigma = 10.1801
