meanCeEast = 6.92917
sigma = 6.84008
meanSnEast = -0.338592
sigma = 19.0144
meanBiEast = -6.98022
sigma = 71.6642
meanCeWest = -0.921468
sigma = 3.17343
meanSnWest = 2.10577
sigma = 7.76056
meanBiWest = -1.19161
sigma = 20.1273
